-1 0
-0.99 0.14107
-0.98 0.199
-0.97 0.2431
-0.96 0.28
-0.95 0.31225
-0.94 0.34117
-0.93 0.36756
-0.92 0.39192
-0.91 0.41461
-0.9 0.43589
-0.89 0.45596
-0.88 0.47497
-0.87 0.49305
-0.86 0.51029
-0.85 0.52678
-0.84 0.54259
-0.83 0.55776
-0.82 0.57236
-0.81 0.58643
-0.8 0.6
-0.79 0.61311
-0.78 0.62578
-0.77 0.63804
-0.76 0.64992
-0.75 0.66144
-0.74 0.67261
-0.73 0.68345
-0.72 0.69397
-0.71 0.7042
-0.7 0.71414
-0.69 0.72381
-0.68 0.73321
-0.67 0.74236
-0.66 0.75127
-0.65 0.75993
-0.64 0.76837
-0.63 0.7766
-0.62 0.7846
-0.61 0.7924
-0.6 0.8
-0.59 0.8074
-0.58 0.81462
-0.57 0.82164
-0.56 0.82849
-0.55 0.83516
-0.54 0.84167
-0.53 0.848
-0.52 0.85417
-0.51 0.86017
-0.5 0.86603
-0.49 0.87172
-0.48 0.87727
-0.47 0.88267
-0.46 0.88792
-0.45 0.89303
-0.44 0.898
-0.43 0.90283
-0.42 0.90752
-0.41 0.91209
-0.4 0.91652
-0.39 0.92081
-0.38 0.92499
-0.37 0.92903
-0.36 0.93295
-0.35 0.93675
-0.34 0.94043
-0.33 0.94398
-0.32 0.94742
-0.31 0.95074
-0.3 0.95394
-0.29 0.95703
-0.28 0.96
-0.27 0.96286
-0.26 0.96561
-0.25 0.96825
-0.24 0.97077
-0.23 0.97319
-0.22 0.9755
-0.21 0.9777
-0.2 0.9798
-0.19 0.98178
-0.18 0.98367
-0.17 0.98544
-0.16 0.98712
-0.15 0.98869
-0.14 0.99015
-0.13 0.99151
-0.12 0.99277
-0.11 0.99393
-0.1 0.99499
-0.09 0.99594
-0.08 0.99679
-0.07 0.99755
-0.06 0.9982
-0.05 0.99875
-0.04 0.9992
-0.03 0.99955
-0.02 0.9998
-0.01 0.99995
0 1
0.01 0.99995
0.02 0.9998
0.03 0.99955
0.04 0.9992
0.05 0.99875
0.06 0.9982
0.07 0.99755
0.08 0.99679
0.09 0.99594
0.1 0.99499
0.11 0.99393
0.12 0.99277
0.13 0.99151
0.14 0.99015
0.15 0.98869
0.16 0.98712
0.17 0.98544
0.18 0.98367
0.19 0.98178
0.2 0.9798
0.21 0.9777
0.22 0.9755
0.23 0.97319
0.24 0.97077
0.25 0.96825
0.26 0.96561
0.27 0.96286
0.28 0.96
0.29 0.95703
0.3 0.95394
0.31 0.95074
0.32 0.94742
0.33 0.94398
0.34 0.94043
0.35 0.93675
0.36 0.93295
0.37 0.92903
0.38 0.92499
0.39 0.92081
0.4 0.91652
0.41 0.91209
0.42 0.90752
0.43 0.90283
0.44 0.898
0.45 0.89303
0.46 0.88792
0.47 0.88267
0.48 0.87727
0.49 0.87172
0.5 0.86603
0.51 0.86017
0.52 0.85417
0.53 0.848
0.54 0.84167
0.55 0.83516
0.56 0.82849
0.57 0.82164
0.58 0.81462
0.59 0.8074
0.6 0.8
0.61 0.7924
0.62 0.7846
0.63 0.7766
0.64 0.76837
0.65 0.75993
0.66 0.75127
0.67 0.74236
0.68 0.73321
0.69 0.72381
0.7 0.71414
0.71 0.7042
0.72 0.69397
0.73 0.68345
0.74 0.67261
0.75 0.66144
0.76 0.64992
0.77 0.63804
0.78 0.62578
0.79 0.61311
0.8 0.6
0.81 0.58643
0.82 0.57236
0.83 0.55776
0.84 0.54259
0.85 0.52678
0.86 0.51029
0.87 0.49305
0.88 0.47497
0.89 0.45596
0.9 0.43589
0.91 0.41461
0.92 0.39192
0.93 0.36756
0.94 0.34117
0.95 0.31225
0.96 0.28
0.97 0.2431
0.98 0.199
0.99 0.14107
1 0
1 -0
0.99 -0.14107
0.98 -0.199
0.97 -0.2431
0.96 -0.28
0.95 -0.31225
0.94 -0.34117
0.93 -0.36756
0.92 -0.39192
0.91 -0.41461
0.9 -0.43589
0.89 -0.45596
0.88 -0.47497
0.87 -0.49305
0.86 -0.51029
0.85 -0.52678
0.84 -0.54259
0.83 -0.55776
0.82 -0.57236
0.81 -0.58643
0.8 -0.6
0.79 -0.61311
0.78 -0.62578
0.77 -0.63804
0.76 -0.64992
0.75 -0.66144
0.74 -0.67261
0.73 -0.68345
0.72 -0.69397
0.71 -0.7042
0.7 -0.71414
0.69 -0.72381
0.68 -0.73321
0.67 -0.74236
0.66 -0.75127
0.65 -0.75993
0.64 -0.76837
0.63 -0.7766
0.62 -0.7846
0.61 -0.7924
0.6 -0.8
0.59 -0.8074
0.58 -0.81462
0.57 -0.82164
0.56 -0.82849
0.55 -0.83516
0.54 -0.84167
0.53 -0.848
0.52 -0.85417
0.51 -0.86017
0.5 -0.86603
0.49 -0.87172
0.48 -0.87727
0.47 -0.88267
0.46 -0.88792
0.45 -0.89303
0.44 -0.898
0.43 -0.90283
0.42 -0.90752
0.41 -0.91209
0.4 -0.91652
0.39 -0.92081
0.38 -0.92499
0.37 -0.92903
0.36 -0.93295
0.35 -0.93675
0.34 -0.94043
0.33 -0.94398
0.32 -0.94742
0.31 -0.95074
0.3 -0.95394
0.29 -0.95703
0.28 -0.96
0.27 -0.96286
0.26 -0.96561
0.25 -0.96825
0.24 -0.97077
0.23 -0.97319
0.22 -0.9755
0.21 -0.9777
0.2 -0.9798
0.19 -0.98178
0.18 -0.98367
0.17 -0.98544
0.16 -0.98712
0.15 -0.98869
0.14 -0.99015
0.13 -0.99151
0.12 -0.99277
0.11 -0.99393
0.1 -0.99499
0.09 -0.99594
0.08 -0.99679
0.07 -0.99755
0.06 -0.9982
0.05 -0.99875
0.04 -0.9992
0.03 -0.99955
0.02 -0.9998
0.01 -0.99995
-0 -1
-0.01 -0.99995
-0.02 -0.9998
-0.03 -0.99955
-0.04 -0.9992
-0.05 -0.99875
-0.06 -0.9982
-0.07 -0.99755
-0.08 -0.99679
-0.09 -0.99594
-0.1 -0.99499
-0.11 -0.99393
-0.12 -0.99277
-0.13 -0.99151
-0.14 -0.99015
-0.15 -0.98869
-0.16 -0.98712
-0.17 -0.98544
-0.18 -0.98367
-0.19 -0.98178
-0.2 -0.9798
-0.21 -0.9777
-0.22 -0.9755
-0.23 -0.97319
-0.24 -0.97077
-0.25 -0.96825
-0.26 -0.96561
-0.27 -0.96286
-0.28 -0.96
-0.29 -0.95703
-0.3 -0.95394
-0.31 -0.95074
-0.32 -0.94742
-0.33 -0.94398
-0.34 -0.94043
-0.35 -0.93675
-0.36 -0.93295
-0.37 -0.92903
-0.38 -0.92499
-0.39 -0.92081
-0.4 -0.91652
-0.41 -0.91209
-0.42 -0.90752
-0.43 -0.90283
-0.44 -0.898
-0.45 -0.89303
-0.46 -0.88792
-0.47 -0.88267
-0.48 -0.87727
-0.49 -0.87172
-0.5 -0.86603
-0.51 -0.86017
-0.52 -0.85417
-0.53 -0.848
-0.54 -0.84167
-0.55 -0.83516
-0.56 -0.82849
-0.57 -0.82164
-0.58 -0.81462
-0.59 -0.8074
-0.6 -0.8
-0.61 -0.7924
-0.62 -0.7846
-0.63 -0.7766
-0.64 -0.76837
-0.65 -0.75993
-0.66 -0.75127
-0.67 -0.74236
-0.68 -0.73321
-0.69 -0.72381
-0.7 -0.71414
-0.71 -0.7042
-0.72 -0.69397
-0.73 -0.68345
-0.74 -0.67261
-0.75 -0.66144
-0.76 -0.64992
-0.77 -0.63804
-0.78 -0.62578
-0.79 -0.61311
-0.8 -0.6
-0.81 -0.58643
-0.82 -0.57236
-0.83 -0.55776
-0.84 -0.54259
-0.85 -0.52678
-0.86 -0.51029
-0.87 -0.49305
-0.88 -0.47497
-0.89 -0.45596
-0.9 -0.43589
-0.91 -0.41461
-0.92 -0.39192
-0.93 -0.36756
-0.94 -0.34117
-0.95 -0.31225
-0.96 -0.28
-0.97 -0.2431
-0.98 -0.199
-0.99 -0.14107
-1 -0
