5 1
4.6979 1.3021
4.562 1.438
4.4538 1.5462
4.36 1.64
4.2755 1.7245
4.1977 1.8023
4.1249 1.8751
4.0562 1.9438
3.9908 2.0092
3.9282 2.0718
3.8681 2.1319
3.8101 2.1899
3.7539 2.2461
3.6994 2.3006
3.6464 2.3536
3.5948 2.4052
3.5445 2.4555
3.4953 2.5047
3.4471 2.5529
3.4 2.6
3.3538 2.6462
3.3084 2.6916
3.2639 2.7361
3.2202 2.7798
3.1771 2.8229
3.1348 2.8652
3.0931 2.9069
3.0521 2.9479
3.0116 2.9884
2.9717 3.0283
2.9324 3.0676
2.8936 3.1064
2.8553 3.1447
2.8175 3.1825
2.7801 3.2199
2.7433 3.2567
2.7068 3.2932
2.6708 3.3292
2.6352 3.3648
2.6 3.4
2.5652 3.4348
2.5308 3.4692
2.4967 3.5033
2.463 3.537
2.4297 3.5703
2.3967 3.6033
2.364 3.636
2.3317 3.6683
2.2997 3.7003
2.2679 3.7321
2.2366 3.7634
2.2055 3.7945
2.1747 3.8253
2.1442 3.8558
2.1139 3.8861
2.084 3.916
2.0543 3.9457
2.025 3.975
1.9958 4.0042
1.967 4.033
1.9384 4.0616
1.91 4.09
1.8819 4.1181
1.8541 4.1459
1.8265 4.1735
1.7991 4.2009
1.772 4.228
1.7452 4.2548
1.7185 4.2815
1.6921 4.3079
1.6659 4.3341
1.64 4.36
1.6143 4.3857
1.5888 4.4112
1.5635 4.4365
1.5385 4.4615
1.5136 4.4864
1.489 4.511
1.4646 4.5354
1.4404 4.5596
1.4164 4.5836
1.3927 4.6073
1.3691 4.6309
1.3458 4.6542
1.3226 4.6774
1.2997 4.7003
1.277 4.723
1.2545 4.7455
1.2321 4.7679
1.21 4.79
1.1881 4.8119
1.1664 4.8336
1.1449 4.8551
1.1236 4.8764
1.1025 4.8975
1.0816 4.9184
1.0609 4.9391
1.0404 4.9596
1.0201 4.9799
1 5
0.9801 5.0199
0.9604 5.0396
0.9409 5.0591
0.9216 5.0784
0.9025 5.0975
0.8836 5.1164
0.86491 5.1351
0.84641 5.1536
0.82812 5.1719
0.81003 5.19
0.79214 5.2079
0.77445 5.2255
0.75697 5.243
0.7397 5.2603
0.72263 5.2774
0.70577 5.2942
0.68911 5.3109
0.67267 5.3273
0.65643 5.3436
0.64041 5.3596
0.6246 5.3754
0.609 5.391
0.59362 5.4064
0.57845 5.4215
0.56351 5.4365
0.54878 5.4512
0.53428 5.4657
0.52 5.48
0.50595 5.4941
0.49212 5.5079
0.47853 5.5215
0.46516 5.5348
0.45204 5.548
0.43915 5.5609
0.4265 5.5735
0.4141 5.5859
0.40194 5.5981
0.39003 5.61
0.37837 5.6216
0.36697 5.633
0.35583 5.6442
0.34495 5.655
0.33434 5.6657
0.324 5.676
0.31394 5.6861
0.30416 5.6958
0.29467 5.7053
0.28546 5.7145
0.27656 5.7234
0.26795 5.7321
0.25965 5.7403
0.25167 5.7483
0.244 5.756
0.23667 5.7633
0.22967 5.7703
0.22301 5.777
0.21671 5.7833
0.21077 5.7892
0.20519 5.7948
0.2 5.8
0.1952 5.8048
0.1908 5.8092
0.18681 5.8132
0.18325 5.8167
0.18013 5.8199
0.17747 5.8225
0.17528 5.8247
0.17358 5.8264
0.17238 5.8276
0.17171 5.8283
0.1716 5.8284
0.17205 5.8279
0.17311 5.8269
0.17479 5.8252
0.17712 5.8229
0.18015 5.8198
0.18391 5.8161
0.18844 5.8116
0.19379 5.8062
0.2 5.8
0.20714 5.7929
0.21527 5.7847
0.22447 5.7755
0.23483 5.7652
0.24643 5.7536
0.25941 5.7406
0.2739 5.7261
0.29005 5.7099
0.30808 5.6919
0.32822 5.6718
0.35078 5.6492
0.37616 5.6238
0.40488 5.5951
0.43765 5.5623
0.4755 5.5245
0.52 5.48
0.57379 5.4262
0.64201 5.358
0.73787 5.2621
1 5
1 5
1.3021 4.6979
1.438 4.562
1.5462 4.4538
1.64 4.36
1.7245 4.2755
1.8023 4.1977
1.8751 4.1249
1.9438 4.0562
2.0092 3.9908
2.0718 3.9282
2.1319 3.8681
2.1899 3.8101
2.2461 3.7539
2.3006 3.6994
2.3536 3.6464
2.4052 3.5948
2.4555 3.5445
2.5047 3.4953
2.5529 3.4471
2.6 3.4
2.6462 3.3538
2.6916 3.3084
2.7361 3.2639
2.7798 3.2202
2.8229 3.1771
2.8652 3.1348
2.9069 3.0931
2.9479 3.0521
2.9884 3.0116
3.0283 2.9717
3.0676 2.9324
3.1064 2.8936
3.1447 2.8553
3.1825 2.8175
3.2199 2.7801
3.2567 2.7433
3.2932 2.7068
3.3292 2.6708
3.3648 2.6352
3.4 2.6
3.4348 2.5652
3.4692 2.5308
3.5033 2.4967
3.537 2.463
3.5703 2.4297
3.6033 2.3967
3.636 2.364
3.6683 2.3317
3.7003 2.2997
3.7321 2.2679
3.7634 2.2366
3.7945 2.2055
3.8253 2.1747
3.8558 2.1442
3.8861 2.1139
3.916 2.084
3.9457 2.0543
3.975 2.025
4.0042 1.9958
4.033 1.967
4.0616 1.9384
4.09 1.91
4.1181 1.8819
4.1459 1.8541
4.1735 1.8265
4.2009 1.7991
4.228 1.772
4.2548 1.7452
4.2815 1.7185
4.3079 1.6921
4.3341 1.6659
4.36 1.64
4.3857 1.6143
4.4112 1.5888
4.4365 1.5635
4.4615 1.5385
4.4864 1.5136
4.511 1.489
4.5354 1.4646
4.5596 1.4404
4.5836 1.4164
4.6073 1.3927
4.6309 1.3691
4.6542 1.3458
4.6774 1.3226
4.7003 1.2997
4.723 1.277
4.7455 1.2545
4.7679 1.2321
4.79 1.21
4.8119 1.1881
4.8336 1.1664
4.8551 1.1449
4.8764 1.1236
4.8975 1.1025
4.9184 1.0816
4.9391 1.0609
4.9596 1.0404
4.9799 1.0201
5 1
5.0199 0.9801
5.0396 0.9604
5.0591 0.9409
5.0784 0.9216
5.0975 0.9025
5.1164 0.8836
5.1351 0.86491
5.1536 0.84641
5.1719 0.82812
5.19 0.81003
5.2079 0.79214
5.2255 0.77445
5.243 0.75697
5.2603 0.7397
5.2774 0.72263
5.2942 0.70577
5.3109 0.68911
5.3273 0.67267
5.3436 0.65643
5.3596 0.64041
5.3754 0.6246
5.391 0.609
5.4064 0.59362
5.4215 0.57845
5.4365 0.56351
5.4512 0.54878
5.4657 0.53428
5.48 0.52
5.4941 0.50595
5.5079 0.49212
5.5215 0.47853
5.5348 0.46516
5.548 0.45204
5.5609 0.43915
5.5735 0.4265
5.5859 0.4141
5.5981 0.40194
5.61 0.39003
5.6216 0.37837
5.633 0.36697
5.6442 0.35583
5.655 0.34495
5.6657 0.33434
5.676 0.324
5.6861 0.31394
5.6958 0.30416
5.7053 0.29467
5.7145 0.28546
5.7234 0.27656
5.7321 0.26795
5.7403 0.25965
5.7483 0.25167
5.756 0.244
5.7633 0.23667
5.7703 0.22967
5.777 0.22301
5.7833 0.21671
5.7892 0.21077
5.7948 0.20519
5.8 0.2
5.8048 0.1952
5.8092 0.1908
5.8132 0.18681
5.8167 0.18325
5.8199 0.18013
5.8225 0.17747
5.8247 0.17528
5.8264 0.17358
5.8276 0.17238
5.8283 0.17171
5.8284 0.1716
5.8279 0.17205
5.8269 0.17311
5.8252 0.17479
5.8229 0.17712
5.8198 0.18015
5.8161 0.18391
5.8116 0.18844
5.8062 0.19379
5.8 0.2
5.7929 0.20714
5.7847 0.21527
5.7755 0.22447
5.7652 0.23483
5.7536 0.24643
5.7406 0.25941
5.7261 0.2739
5.7099 0.29005
5.6919 0.30808
5.6718 0.32822
5.6492 0.35078
5.6238 0.37616
5.5951 0.40488
5.5623 0.43765
5.5245 0.4755
5.48 0.52
5.4262 0.57379
5.358 0.64201
5.2621 0.73787
5 1
