1 0.4
0.99998 0.405
0.9999 0.41
0.99978 0.415
0.9996 0.41999
0.99938 0.42499
0.9991 0.42998
0.99878 0.43497
0.9984 0.43996
0.99798 0.44494
0.9975 0.44992
0.99698 0.45489
0.9964 0.45986
0.99578 0.46482
0.99511 0.46977
0.99439 0.47472
0.99361 0.47966
0.99279 0.48459
0.99192 0.48951
0.991 0.49443
0.99003 0.49933
0.98902 0.50423
0.98795 0.50911
0.98683 0.51399
0.98567 0.51885
0.98446 0.5237
0.98319 0.52854
0.98189 0.53337
0.98053 0.53818
0.97912 0.54298
0.97767 0.54776
0.97617 0.55253
0.97462 0.55728
0.97302 0.56202
0.97138 0.56674
0.96969 0.57145
0.96795 0.57614
0.96616 0.58081
0.96433 0.58546
0.96245 0.59009
0.96053 0.59471
0.95856 0.5993
0.95654 0.60388
0.95448 0.60844
0.95238 0.61297
0.95022 0.61748
0.94803 0.62197
0.94578 0.62644
0.9435 0.63089
0.94117 0.63531
0.93879 0.63971
0.93637 0.64409
0.93391 0.64844
0.9314 0.65277
0.92885 0.65707
0.92626 0.66134
0.92363 0.66559
0.92095 0.66982
0.91823 0.67401
0.91547 0.67818
0.91267 0.68232
0.90982 0.68643
0.90694 0.69052
0.90401 0.69457
0.90105 0.6986
0.89804 0.70259
0.895 0.70656
0.89191 0.71049
0.88879 0.7144
0.88562 0.71827
0.88242 0.72211
0.87918 0.72592
0.8759 0.72969
0.87259 0.73343
0.86923 0.73714
0.86584 0.74082
0.86242 0.74446
0.85896 0.74807
0.85546 0.75164
0.85192 0.75518
0.84835 0.75868
0.84475 0.76214
0.84111 0.76557
0.83744 0.76897
0.83373 0.77232
0.82999 0.77564
0.82622 0.77892
0.82241 0.78216
0.81858 0.78537
0.81471 0.78854
0.8108 0.79166
0.80687 0.79475
0.80291 0.7978
0.79892 0.80081
0.79489 0.80378
0.79084 0.80671
0.78676 0.8096
0.78265 0.81244
0.77851 0.81525
0.77434 0.81801
0.77015 0.82074
0.76593 0.82342
0.76168 0.82605
0.75741 0.82865
0.75311 0.8312
0.74879 0.83371
0.74444 0.83618
0.74006 0.8386
0.73566 0.84098
0.73124 0.84331
0.7268 0.8456
0.72233 0.84785
0.71784 0.85005
0.71333 0.85221
0.7088 0.85432
0.70424 0.85638
0.69967 0.8584
0.69508 0.86038
0.69046 0.8623
0.68583 0.86418
0.68118 0.86602
0.67651 0.86781
0.67182 0.86955
0.66712 0.87124
0.6624 0.87289
0.65766 0.87449
0.65291 0.87605
0.64814 0.87755
0.64336 0.87901
0.63856 0.88042
0.63375 0.88178
0.62893 0.88309
0.62409 0.88436
0.61924 0.88557
0.61438 0.88674
0.6095 0.88786
0.60462 0.88893
0.59972 0.88995
0.59482 0.89093
0.58991 0.89185
0.58498 0.89272
0.58005 0.89355
0.57511 0.89433
0.57017 0.89505
0.56521 0.89573
0.56025 0.89636
0.55528 0.89693
0.55031 0.89746
0.54534 0.89794
0.54035 0.89837
0.53537 0.89875
0.53038 0.89908
0.52539 0.89936
0.52039 0.89958
0.5154 0.89976
0.5104 0.89989
0.5054 0.89997
0.5004 0.9
0.4954 0.89998
0.4904 0.89991
0.4854 0.89979
0.4804 0.89962
0.47541 0.89939
0.47042 0.89912
0.46543 0.8988
0.46044 0.89843
0.45546 0.89801
0.45048 0.89754
0.44551 0.89702
0.44054 0.89645
0.43558 0.89583
0.43062 0.89516
0.42567 0.89444
0.42073 0.89368
0.4158 0.89286
0.41088 0.89199
0.40596 0.89108
0.40106 0.89011
0.39616 0.8891
0.39127 0.88804
0.3864 0.88692
0.38154 0.88576
0.37668 0.88455
0.37184 0.8833
0.36702 0.88199
0.3622 0.88064
0.35741 0.87924
0.35262 0.87779
0.34785 0.87629
0.34309 0.87474
0.33836 0.87315
0.33363 0.87151
0.32893 0.86982
0.32424 0.86809
0.31956 0.86631
0.31491 0.86448
0.31027 0.86261
0.30566 0.86069
0.30106 0.85872
0.29648 0.85671
0.29193 0.85465
0.28739 0.85255
0.28288 0.8504
0.27838 0.8482
0.27391 0.84596
0.26946 0.84368
0.26504 0.84135
0.26064 0.83898
0.25626 0.83657
0.25191 0.83411
0.24758 0.8316
0.24327 0.82906
0.239 0.82647
0.23474 0.82384
0.23052 0.82117
0.22632 0.81845
0.22215 0.81569
0.21801 0.81289
0.21389 0.81005
0.20981 0.80717
0.20575 0.80425
0.20172 0.80129
0.19772 0.79828
0.19376 0.79524
0.18982 0.79216
0.18591 0.78904
0.18204 0.78588
0.1782 0.78268
0.17439 0.77944
0.17061 0.77617
0.16686 0.77285
0.16315 0.7695
0.15947 0.76612
0.15583 0.76269
0.15222 0.75923
0.14864 0.75574
0.1451 0.75221
0.1416 0.74864
0.13813 0.74504
0.1347 0.7414
0.1313 0.73773
0.12794 0.73403
0.12462 0.73029
0.12134 0.72652
0.11809 0.72272
0.11488 0.71888
0.11171 0.71502
0.10858 0.71112
0.10549 0.70719
0.10244 0.70323
0.099428 0.69924
0.096456 0.69522
0.093524 0.69117
0.090633 0.68709
0.087782 0.68298
0.084973 0.67884
0.082206 0.67468
0.07948 0.67049
0.076796 0.66627
0.074155 0.66202
0.071556 0.65775
0.069 0.65345
0.066487 0.64913
0.064017 0.64478
0.061591 0.64041
0.059209 0.63602
0.056871 0.6316
0.054577 0.62715
0.052328 0.62269
0.050123 0.6182
0.047964 0.61369
0.04585 0.60916
0.043781 0.60461
0.041758 0.60003
0.03978 0.59544
0.037849 0.59083
0.035964 0.5862
0.034125 0.58155
0.032333 0.57688
0.030587 0.5722
0.028889 0.56749
0.027237 0.56277
0.025633 0.55804
0.024077 0.55329
0.022568 0.54852
0.021106 0.54374
0.019693 0.53894
0.018328 0.53413
0.01701 0.52931
0.015741 0.52447
0.014521 0.51962
0.013349 0.51476
0.012226 0.50989
0.011151 0.50501
0.010126 0.50011
0.0091489 0.49521
0.0082213 0.4903
0.007343 0.48538
0.0065139 0.48045
0.0057341 0.47551
0.0050038 0.47056
0.0043229 0.46561
0.0036916 0.46065
0.00311 0.45568
0.002578 0.45071
0.0020958 0.44573
0.0016634 0.44075
0.0012808 0.43577
0.00094811 0.43078
0.0006653 0.42578
0.00043242 0.42079
0.0002495 0.41579
0.00011656 0.4108
3.3597e-05 0.4058
6.3414e-07 0.4008
1.7671e-05 0.3958
8.4705e-05 0.3908
0.00020173 0.3858
0.00036874 0.3808
0.0005857 0.37581
0.00085261 0.37081
0.0011694 0.36582
0.0015361 0.36084
0.0019527 0.35585
0.002419 0.35088
0.0029352 0.3459
0.003501 0.34093
0.0041165 0.33597
0.0047815 0.33102
0.0054961 0.32607
0.0062601 0.32113
0.0070735 0.31619
0.0079362 0.31127
0.0088481 0.30635
0.0098091 0.30145
0.010819 0.29655
0.011878 0.29166
0.012986 0.28679
0.014142 0.28192
0.015347 0.27707
0.016601 0.27223
0.017903 0.2674
0.019253 0.26259
0.020651 0.25779
0.022097 0.253
0.023591 0.24823
0.025132 0.24347
0.026721 0.23873
0.028358 0.23401
0.030041 0.2293
0.031772 0.22461
0.033549 0.21993
0.035373 0.21528
0.037243 0.21064
0.03916 0.20602
0.041123 0.20143
0.043131 0.19685
0.045186 0.19229
0.047286 0.18775
0.049431 0.18323
0.051621 0.17874
0.053856 0.17427
0.056135 0.16982
0.058459 0.16539
0.060827 0.16099
0.06324 0.15661
0.065695 0.15225
0.068194 0.14792
0.070737 0.14362
0.073322 0.13934
0.07595 0.13508
0.07862 0.13085
0.081333 0.12665
0.084087 0.12248
0.086883 0.11834
0.08972 0.11422
0.092599 0.11013
0.095518 0.10607
0.098477 0.10204
0.10148 0.098041
0.10452 0.094071
0.1076 0.090132
0.11071 0.086223
0.11387 0.082346
0.11707 0.078501
0.1203 0.074687
0.12357 0.070907
0.12688 0.067159
0.13023 0.063445
0.13361 0.059764
0.13703 0.056117
0.14049 0.052505
0.14398 0.048927
0.14751 0.045384
0.15108 0.041877
0.15467 0.038406
0.15831 0.034971
0.16197 0.031572
0.16568 0.02821
0.16941 0.024886
0.17318 0.021599
0.17698 0.01835
0.18081 0.015138
0.18468 0.011966
0.18857 0.008832
0.1925 0.0057374
0.19646 0.0026821
0.20045 -0.00033339
0.20446 -0.0033089
0.20851 -0.006244
0.21259 -0.0091386
0.21669 -0.011992
0.22083 -0.014805
0.22499 -0.017576
0.22918 -0.020305
0.2334 -0.022992
0.23764 -0.025637
0.24191 -0.028239
0.2462 -0.030798
0.25052 -0.033315
0.25487 -0.035788
0.25924 -0.038217
0.26363 -0.040603
0.26805 -0.042945
0.27249 -0.045242
0.27696 -0.047495
0.28144 -0.049703
0.28595 -0.051866
0.29048 -0.053984
0.29503 -0.056056
0.2996 -0.058083
0.30419 -0.060064
0.3088 -0.061999
0.31343 -0.063888
0.31808 -0.06573
0.32275 -0.067526
0.32743 -0.069275
0.33213 -0.070978
0.33685 -0.072633
0.34158 -0.074241
0.34633 -0.075801
0.3511 -0.077314
0.35588 -0.078779
0.36067 -0.080196
0.36548 -0.081565
0.37031 -0.082887
0.37514 -0.084159
0.37999 -0.085384
0.38485 -0.086559
0.38972 -0.087687
0.3946 -0.088765
0.39949 -0.089795
0.4044 -0.090775
0.40931 -0.091707
0.41423 -0.092589
0.41916 -0.093422
0.4241 -0.094206
0.42905 -0.09494
0.434 -0.095625
0.43896 -0.09626
0.44392 -0.096846
0.44889 -0.097381
0.45387 -0.097868
0.45885 -0.098304
0.46384 -0.098691
0.46883 -0.099027
0.47382 -0.099314
0.47881 -0.099551
0.48381 -0.099738
0.48881 -0.099875
0.49381 -0.099962
0.49881 -0.099999
0.50381 -0.099986
0.50881 -0.099922
0.5138 -0.099809
0.5188 -0.099646
0.5238 -0.099433
0.52879 -0.09917
0.53378 -0.098858
0.53877 -0.098495
0.54375 -0.098082
0.54873 -0.09762
0.5537 -0.097108
0.55867 -0.096546
0.56363 -0.095934
0.56859 -0.095273
0.57354 -0.094563
0.57848 -0.093803
0.58341 -0.092993
0.58834 -0.092134
0.59326 -0.091226
0.59816 -0.090269
0.60306 -0.089263
0.60795 -0.088208
0.61283 -0.087104
0.61769 -0.085952
0.62254 -0.08475
0.62739 -0.083501
0.63221 -0.082203
0.63703 -0.080856
0.64183 -0.079462
0.64662 -0.07802
0.65139 -0.07653
0.65615 -0.074992
0.66089 -0.073407
0.66562 -0.071774
0.67033 -0.070095
0.67502 -0.068368
0.67969 -0.066594
0.68435 -0.064774
0.68899 -0.062907
0.69361 -0.060994
0.69821 -0.059035
0.70279 -0.05703
0.70735 -0.05498
0.71189 -0.052883
0.71641 -0.050742
0.7209 -0.048555
0.72538 -0.046324
0.72983 -0.044048
0.73426 -0.041727
0.73866 -0.039363
0.74305 -0.036954
0.7474 -0.034502
0.75174 -0.032006
0.75604 -0.029467
0.76032 -0.026885
0.76458 -0.024261
0.76881 -0.021594
0.77301 -0.018885
0.77719 -0.016134
0.78133 -0.013341
0.78545 -0.010507
0.78954 -0.0076321
0.79361 -0.0047163
0.79764 -0.0017601
0.80164 0.0012363
0.80561 0.0042727
0.80956 0.0073485
0.81347 0.010464
0.81735 0.013618
0.82119 0.01681
0.82501 0.020042
0.82879 0.023311
0.83254 0.026617
0.83626 0.029961
0.83994 0.033342
0.84359 0.03676
0.84721 0.040214
0.85079 0.043704
0.85433 0.04723
0.85784 0.050791
0.86132 0.054387
0.86476 0.058017
0.86816 0.061682
0.87152 0.06538
0.87485 0.069112
0.87814 0.072877
0.88139 0.076675
0.88461 0.080505
0.88778 0.084367
0.89092 0.08826
0.89402 0.092185
0.89708 0.09614
0.90009 0.10013
0.90307 0.10414
0.90601 0.10819
0.90891 0.11226
0.91177 0.11637
0.91458 0.1205
0.91736 0.12466
0.92009 0.12884
0.92278 0.13306
0.92543 0.1373
0.92803 0.14157
0.9306 0.14586
0.93312 0.15018
0.93559 0.15452
0.93803 0.15889
0.94041 0.16328
0.94276 0.1677
0.94506 0.17214
0.94732 0.1766
0.94953 0.18108
0.9517 0.18559
0.95382 0.19012
0.95589 0.19467
0.95792 0.19924
0.95991 0.20382
0.96185 0.20843
0.96374 0.21306
0.96559 0.21771
0.96738 0.22237
0.96914 0.22706
0.97084 0.23176
0.9725 0.23647
0.97411 0.24121
0.97568 0.24595
0.9772 0.25072
0.97866 0.2555
0.98009 0.26029
0.98146 0.2651
0.98278 0.26992
0.98406 0.27476
0.98529 0.2796
0.98647 0.28446
0.9876 0.28933
0.98868 0.29421
0.98971 0.2991
0.9907 0.30401
0.99163 0.30892
0.99252 0.31384
0.99336 0.31877
0.99415 0.32371
0.99488 0.32865
0.99557 0.3336
0.99621 0.33856
0.9968 0.34353
0.99734 0.3485
0.99783 0.35347
0.99827 0.35846
0.99866 0.36344
0.999 0.36843
0.99929 0.37342
0.99953 0.37841
0.99972 0.38341
0.99987 0.38841
0.99996 0.39341
1 0.39841
