6.3414e-07 0.4008
1.7671e-05 0.3958
8.4705e-05 0.3908
0.00020173 0.3858
0.00036874 0.3808
0.0005857 0.37581
0.00085261 0.37081
0.0011694 0.36582
0.0015361 0.36084
0.0019527 0.35585
0.002419 0.35088
0.0029352 0.3459
0.003501 0.34093
0.0041165 0.33597
0.0047815 0.33102
0.0054961 0.32607
0.0062601 0.32113
0.0070735 0.31619
0.0079362 0.31127
0.0088481 0.30635
0.0098091 0.30145
0.010819 0.29655
0.011878 0.29166
0.012986 0.28679
0.014142 0.28192
0.015347 0.27707
0.016601 0.27223
0.017903 0.2674
0.019253 0.26259
0.020651 0.25779
0.022097 0.253
0.023591 0.24823
0.025132 0.24347
0.026721 0.23873
0.028358 0.23401
0.030041 0.2293
0.031772 0.22461
0.033549 0.21993
0.035373 0.21528
0.037243 0.21064
0.03916 0.20602
0.041123 0.20143
0.043131 0.19685
0.045186 0.19229
0.047286 0.18775
0.049431 0.18323
0.051621 0.17874
0.053856 0.17427
0.056135 0.16982
0.058459 0.16539
0.060827 0.16099
0.06324 0.15661
0.065695 0.15225
0.068194 0.14792
0.070737 0.14362
0.073322 0.13934
0.07595 0.13508
0.07862 0.13085
0.081333 0.12665
0.084087 0.12248
0.086883 0.11834
0.08972 0.11422
0.092599 0.11013
0.095518 0.10607
0.098477 0.10204
0.10148 0.098041
0.10452 0.094071
0.1076 0.090132
0.11071 0.086223
0.11387 0.082346
0.11707 0.078501
0.1203 0.074687
0.12357 0.070907
0.12688 0.067159
0.13023 0.063445
0.13361 0.059764
0.13703 0.056117
0.14049 0.052505
0.14398 0.048927
0.14751 0.045384
0.15108 0.041877
0.15467 0.038406
0.15831 0.034971
0.16197 0.031572
0.16568 0.02821
0.16941 0.024886
0.17318 0.021599
0.17698 0.01835
0.18081 0.015138
0.18468 0.011966
0.18857 0.008832
0.1925 0.0057374
0.19646 0.0026821
0.20045 -0.00033339
0.20446 -0.0033089
0.20851 -0.006244
0.21259 -0.0091386
0.21669 -0.011992
0.22083 -0.014805
0.22499 -0.017576
0.22918 -0.020305
0.2334 -0.022992
0.23764 -0.025637
0.24191 -0.028239
0.2462 -0.030798
0.25052 -0.033315
0.25487 -0.035788
0.25924 -0.038217
0.26363 -0.040603
0.26805 -0.042945
0.27249 -0.045242
0.27696 -0.047495
0.28144 -0.049703
0.28595 -0.051866
0.29048 -0.053984
0.29503 -0.056056
0.2996 -0.058083
0.30419 -0.060064
0.3088 -0.061999
0.31343 -0.063888
0.31808 -0.06573
0.32275 -0.067526
0.32743 -0.069275
0.33213 -0.070978
0.33685 -0.072633
0.34158 -0.074241
0.34633 -0.075801
0.3511 -0.077314
0.35588 -0.078779
0.36067 -0.080196
0.36548 -0.081565
0.37031 -0.082887
0.37514 -0.084159
0.37999 -0.085384
0.38485 -0.086559
0.38972 -0.087687
0.3946 -0.088765
0.39949 -0.089795
0.4044 -0.090775
0.40931 -0.091707
0.41423 -0.092589
0.41916 -0.093422
0.4241 -0.094206
0.42905 -0.09494
0.434 -0.095625
0.43896 -0.09626
0.44392 -0.096846
0.44889 -0.097381
0.45387 -0.097868
0.45885 -0.098304
0.46384 -0.098691
0.46883 -0.099027
0.47382 -0.099314
0.47881 -0.099551
0.48381 -0.099738
0.48881 -0.099875
0.49381 -0.099962
0.49881 -0.099999
0.50381 -0.099986
0.50881 -0.099922
0.5138 -0.099809
0.5188 -0.099646
0.5238 -0.099433
0.52879 -0.09917
0.53378 -0.098858
0.53877 -0.098495
0.54375 -0.098082
0.54873 -0.09762
0.5537 -0.097108
0.55867 -0.096546
0.56363 -0.095934
0.56859 -0.095273
0.57354 -0.094563
0.57848 -0.093803
0.58341 -0.092993
0.58834 -0.092134
0.59326 -0.091226
0.59816 -0.090269
0.60306 -0.089263
0.60795 -0.088208
0.61283 -0.087104
0.61769 -0.085952
0.62254 -0.08475
0.62739 -0.083501
0.63221 -0.082203
0.63703 -0.080856
0.64183 -0.079462
0.64662 -0.07802
0.65139 -0.07653
0.65615 -0.074992
0.66089 -0.073407
0.66562 -0.071774
0.67033 -0.070095
0.67502 -0.068368
0.67969 -0.066594
0.68435 -0.064774
0.68899 -0.062907
0.69361 -0.060994
0.69821 -0.059035
0.70279 -0.05703
0.70735 -0.05498
0.71189 -0.052883
0.71641 -0.050742
0.7209 -0.048555
0.72538 -0.046324
0.72983 -0.044048
0.73426 -0.041727
0.73866 -0.039363
0.74305 -0.036954
0.7474 -0.034502
0.75174 -0.032006
0.75604 -0.029467
0.76032 -0.026885
0.76458 -0.024261
0.76881 -0.021594
0.77301 -0.018885
0.77719 -0.016134
0.78133 -0.013341
0.78545 -0.010507
0.78954 -0.0076321
0.79361 -0.0047163
0.79764 -0.0017601
0.80164 0.0012363
0.80561 0.0042727
0.80956 0.0073485
0.81347 0.010464
0.81735 0.013618
0.82119 0.01681
0.82501 0.020042
0.82879 0.023311
