6.3414e-07 4.8903
1.7671e-05 4.8133
8.4705e-05 4.7349
0.00020173 4.6574
0.00036874 4.581
0.0005857 4.5057
0.00085261 4.4313
0.0011694 4.3581
0.0015361 4.2859
0.0019527 4.2147
0.002419 4.1447
0.0029352 4.0756
0.003501 4.0076
0.0041165 3.9407
0.0047815 3.8749
0.0054961 3.8101
0.0062601 3.7464
0.0070735 3.6836
0.0079362 3.6221
0.0088481 3.5615
0.0098091 3.5022
0.010819 3.4437
0.011878 3.3864
0.012986 3.3301
0.014142 3.2749
0.015347 3.2207
0.016601 3.1676
0.017903 3.1155
0.019253 3.0645
0.020651 3.0145
0.022097 2.9655
0.023591 2.9176
0.025132 2.8707
0.026721 2.8248
0.028358 2.7799
0.030041 2.736
0.031772 2.6932
0.033549 2.6512
0.035373 2.6103
0.037243 2.5704
0.03916 2.5314
0.041123 2.4934
0.043131 2.4563
0.045186 2.4202
0.047286 2.3849
0.049431 2.3506
0.051621 2.3173
0.053856 2.2848
0.056135 2.2532
0.058459 2.2225
0.060827 2.1926
0.06324 2.1636
0.065695 2.1355
0.068194 2.1081
0.070737 2.0817
0.073322 2.056
0.07595 2.0311
0.07862 2.007
0.081333 1.9836
0.084087 1.9611
0.086883 1.9393
0.08972 1.9182
0.092599 1.8978
0.095518 1.8782
0.098477 1.8592
0.10148 1.841
0.10452 1.8234
0.1076 1.8064
0.11071 1.7901
0.11387 1.7745
0.11707 1.7594
0.1203 1.745
0.12357 1.7311
0.12688 1.7178
0.13023 1.7051
0.13361 1.6929
0.13703 1.6813
0.14049 1.6702
0.14398 1.6596
0.14751 1.6495
0.15108 1.6398
0.15467 1.6307
0.15831 1.6219
0.16197 1.6137
0.16568 1.6058
0.16941 1.5984
0.17318 1.5914
0.17698 1.5847
0.18081 1.5785
0.18468 1.5726
0.18857 1.567
0.1925 1.5618
0.19646 1.5569
0.20045 1.5523
0.20446 1.548
0.20851 1.544
0.21259 1.5403
0.21669 1.5368
0.22083 1.5336
0.22499 1.5306
0.22918 1.5278
0.2334 1.5253
0.23764 1.5229
0.24191 1.5207
0.2462 1.5188
0.25052 1.517
0.25487 1.5153
0.25924 1.5138
0.26363 1.5124
0.26805 1.5112
0.27249 1.5101
0.27696 1.509
0.28144 1.5081
0.28595 1.5072
0.29048 1.5065
0.29503 1.5058
0.2996 1.5051
0.30419 1.5045
0.3088 1.504
0.31343 1.5034
0.31808 1.5029
0.32275 1.5024
0.32743 1.5019
0.33213 1.5015
0.33685 1.501
0.34158 1.5004
0.34633 1.4999
0.3511 1.4993
0.35588 1.4987
0.36067 1.4981
0.36548 1.4974
0.37031 1.4966
0.37514 1.4958
0.37999 1.4949
0.38485 1.4939
0.38972 1.4929
0.3946 1.4918
0.39949 1.4906
0.4044 1.4892
0.40931 1.4878
0.41423 1.4863
0.41916 1.4847
0.4241 1.483
0.42905 1.4812
0.434 1.4792
0.43896 1.4772
0.44392 1.475
0.44889 1.4727
0.45387 1.4703
0.45885 1.4677
0.46384 1.465
0.46883 1.4622
0.47382 1.4593
0.47881 1.4562
0.48381 1.453
0.48881 1.4497
0.49381 1.4462
0.49881 1.4426
0.50381 1.4389
0.50881 1.4351
0.5138 1.4311
0.5188 1.427
0.5238 1.4227
0.52879 1.4183
0.53378 1.4139
0.53877 1.4092
0.54375 1.4045
0.54873 1.3997
0.5537 1.3947
0.55867 1.3896
0.56363 1.3844
0.56859 1.3791
0.57354 1.3737
0.57848 1.3683
0.58341 1.3627
0.58834 1.357
0.59326 1.3512
0.59816 1.3454
0.60306 1.3395
0.60795 1.3335
0.61283 1.3274
0.61769 1.3213
0.62254 1.3152
0.62739 1.3089
0.63221 1.3027
0.63703 1.2964
0.64183 1.2901
0.64662 1.2837
0.65139 1.2773
0.65615 1.271
0.66089 1.2646
0.66562 1.2582
0.67033 1.2518
0.67502 1.2454
0.67969 1.2391
0.68435 1.2328
0.68899 1.2265
0.69361 1.2203
0.69821 1.2141
0.70279 1.208
0.70735 1.202
0.71189 1.1961
0.71641 1.1902
0.7209 1.1844
0.72538 1.1787
0.72983 1.1732
0.73426 1.1678
0.73866 1.1625
0.74305 1.1573
0.7474 1.1523
0.75174 1.1474
0.75604 1.1427
0.76032 1.1382
0.76458 1.1339
0.76881 1.1297
0.77301 1.1258
0.77719 1.1221
0.78133 1.1186
0.78545 1.1153
0.78954 1.1123
0.79361 1.1095
0.79764 1.1069
0.80164 1.1047
0.80561 1.1027
0.80956 1.101
0.81347 1.0996
0.81735 1.0985
0.82119 1.0977
0.82501 1.0973
0.82879 1.0972
